475557
330457
290859
429617
420818
423204
458897
453405
568012
486589
645541
474350
384018
359724
449924
420817
508965
420809
299536
920
501170
559969
499701
458156
512895
496243
87101
109445
484641
480105
671
245891
513409
118340
301528
338967
58
476631
522162
504949
166428
540901
122917
11
284053
320288
299534
27205
454640
608812
398978
157336
480042
466272
181812
299537
101411
120
24428
324857
22
404368
287947
383498
269149
566057
630900
521777
596302
155
278
177572
511987
424694
122
335984
603
271110
46853
181808
315635
672
150540
481084
528888
284052
280
524
454467
549053
284054
244786
198663
161
99861
532067
680
101
453075
283995
